(((13,19),(((17,16),5),2)),((((((4,(15,14)),((7,18),8)),((12,1),10)),((3,9),20)),6),11));
(((15,((16,13),10)),(((((12,7),(14,((20,17),11))),(6,3)),2),(18,5))),(((9,(4,19)),1),8));
((5,18),((((17,(6,(3,20))),(8,1)),(((10,13),(9,19)),(11,(2,(16,15))))),((14,4),(7,12))));
(((((1,13),(20,18)),5),(4,(11,12))),((7,19),((((14,(8,(3,16))),6),(17,10)),(15,(9,2)))));
(((18,20),6),(((5,(((7,8),((3,15),17)),12)),((1,(2,11)),4)),(((9,(14,16)),19),(13,10))));
(((13,(2,(9,3))),(((6,15),(1,(14,((12,(7,20)),(4,11))))),(17,(10,5)))),(16,(19,(18,8))));
(((20,9),(5,(19,10))),(((14,2),(4,(8,18))),(((((6,1),16),17),7),((11,(3,(12,15))),13))));
(((((((17,19),15),10),((5,12),4)),((3,18),((14,(2,1)),(13,7)))),6),(20,((8,11),(9,16))));
((10,((14,12),((20,(15,7)),((16,5),(11,(((9,13),18),6)))))),((17,4),((3,(8,1)),(19,2))));
(((6,((15,13),((2,3),10))),4),(14,((((16,((20,9),17)),(5,12)),((1,(7,8)),19)),(11,18))));
((((19,10),((((18,20),((5,8),6)),17),1)),((11,3),((9,16),2))),(15,(((12,13),(7,14)),4)));
((1,(15,16)),(((((3,18),11),14),(7,17)),((((4,8),13),(5,(9,((20,2),6)))),((10,19),12))));
(16,((((((19,(9,7)),11),((13,(4,6)),((10,(15,20)),5))),(12,3)),17),(((18,14),1),(8,2))));
((10,(4,(3,((8,6),(7,1))))),((((((2,18),(16,14)),((19,9),13)),5),(17,20)),(12,(11,15))));
(((1,2),12),(((7,(5,4)),(14,(16,19))),((((20,15),((13,6),3)),(18,(10,9))),((17,8),11))));
((11,((8,(1,5)),(((7,((17,2),4)),((15,13),(((16,10),(3,18)),(14,20)))),12))),(19,(9,6)));
(((((16,((9,(8,3)),20)),(6,(17,(((1,5),12),18)))),2),(((7,19),((4,15),(11,13))),10)),14);
(((17,13),18),((1,((4,(19,2)),(3,7))),(((((10,12),(20,6)),(11,8)),16),(9,(14,(15,5))))));
((18,((8,10),15)),((((14,13),9),(1,(4,(((17,6),7),3)))),(((19,12),11),((16,(2,5)),20))));
(((((5,((9,16),(7,20))),14),((18,(4,17)),6)),(((11,12),((2,(3,15)),19)),13)),((8,10),1));
